6
12
13
15
18
21
23
25
26
58
60
67
77
85
95
96
97
98
101
102
103
111
121
131
134
135
141
156
179
187
193
203
210
215
218
226
230
233
242
249
272
279
284
301
334
340
341
343
344
345
358
359
370
371
375
381
391
402
413
416
419
420
424
425
432
434
439
440
445
452
455
469
484
487
501
514
518
519
523
545
556
564
600
604
642
650
657
672
676
687
717
739
742
757
761
764
766
767
771
779
781
782
783
784
797
800
805
828
837
856
871
892
907
912
919
925
926
932
937
944
948
949
955
959
985
997
999
1000
1006
1036
1055
1057
1066
1069
1074
1080
1081
1084
1098
1116
1133
1135
1137
1144
1145
1150
1152
1156
1167
1178
1185
1195
1199
1209
1220
1243
1267
1273
1289
1307
1317
1321
1325
1375
1379
1382
1401
1418
1440
1445
1473
1488
1501
1524
1532
1559
1572
1605
1637
1684
1747
1756
1807
1818
1834
1872
1874
1875
1895
1901
1932
1944
1945
1947
1953
1999
2011
2056
2065
2071
2126
2141
2142
2155
2166
2186
2187
2209
2211
2219
2232
2239
2252
2268
2306
2320
2342
2368
2387
2401
2429
2447
2453
2466
2474
2483
2490
2491
2511
2553
2558
2566
2577
2614
2630
2632
2640
2651
2663
2665
2670
2674
2683
2700
2712
2722
2732
2781
2789
2838
2840
2894
2947
2983
3016
3027
3032
3034
3053
3074
3076
3082
3127
3145
3146
3194
3238
3268
3366
3382
3384
3392
3436
3455
3478
3484
3489
3491
3509
3510
3551
3577
3579
3581
3605
3609
3689
3713
3755
3760
3798
3814
3823
3825
3828
3830
3854
3912
3938
3946
3948
3967
3975
3993
3995
3996
4011
4028
4034
4036
4037
4093
4137
4165
4205
4306
4333
4339
4340
4344
4402
4415
4421
4442
4520
4522
4586
4608
4614
4652
4654
4660
4671
4725
4742
4751
4778
4868
4885
4898
4920
5009
5026
5036
5037
5061
5067
5081
5119
5196
5268
5301
5308
5310
5397
5413
5428
5460
5535
5551
5612
5619
5626
5633
5716
5821
5841
5861
5868
5886
5887
5921
5933
5937
5960
6031
6035
6044
6100
6115
6173
6216
6231
6262
6270
6313
6371
6429
6460
6489
6567
6572
6584
6610
6622
6667
6771
6824
6859
6909
7014
7020
7025
7026
7057
7081
7125
7148
7189
7362
7438
7472
7498
7551
7631
7632
7640
7728
7776
7792
7803
7808
7810
7844
7853
7863
7871
7919
7921
7938
7951
8044
8053
8054
8110
8222
8265
8301
8340
8348
8402
8418
8511
8514
8617
8646
8653
8821
8835
8877
8928
8955
9019
9047
9105
9188
9212
9264
9353
9357
9477
9501
9535
9542
9683
9688
9787
9866
9885
9932
9964
10136
10142
10201
10209
10230
10249
10302
10401
10521
10602
10656
10718
10785
10795
10829
10845
10890
10985
11042
11127
11143
11346
11366
11369
11601
11635
11646
11654
11807
11831
12071
12112
12127
12137
12486
12488
12573
12583
12694
12729
12739
13024
13162
13260
13354
13421
13549
13718
13821
14031
14170
14214
14239
14314
14431
14737
14823
14883
14964
15040
15046
15223
15275
15423
15454
15514
15876
16304
16371
16527
16706
16768
17045
17110
17174
17481
17574
17841
18228
18615
18649
18964
19019
19132
19146
19589
20445
21055
21155
21437
21485
21508
21612
22207
22479
23418
23844
25453
25626
27231
27853
28008
28186
28980
29901
30951
